37
0
1 2 3 4 5 6 7 8 9 10 11 12 13 14 15 16 17 18 19 20 21 22 23 24 25 26 27 28 29 30 31 32 33 34 35 36 37 
0 1 1 
0 2 3 
0 3 3 
0 15 4 
1 0 1 
1 3 3 
1 4 3 
2 0 3 
2 3 1 
2 5 2 
2 15 3 
3 0 3 
3 1 3 
3 2 1 
3 4 1 
3 6 2 
3 7 2 
4 1 3 
4 3 1 
4 7 2 
4 8 2 
4 9 2 
5 2 2 
5 6 1 
5 10 2 
5 15 3 
6 3 2 
6 5 1 
6 7 1 
6 11 2 
7 3 2 
7 4 2 
7 6 1 
7 8 1 
8 4 2 
8 7 1 
8 9 1 
9 4 2 
9 8 1 
9 14 1 
10 5 2 
10 11 1 
10 12 1 
11 6 2 
11 10 1 
11 12 1 
12 10 1 
12 11 1 
12 13 1 
13 12 1 
14 9 1 
15 0 4 
15 2 3 
15 5 3 
15 16 3 
15 23 4 
16 15 3 
16 17 1 
16 23 1 
17 16 1 
17 18 1 
17 24 1 
18 17 1 
18 19 1 
18 25 1 
19 18 1 
19 20 1 
20 19 1 
20 21 1 
21 20 1 
21 22 1 
22 21 1 
22 26 2 
22 33 4 
23 15 4 
23 16 1 
23 24 1 
23 25 1 
24 17 1 
24 23 1 
25 18 1 
25 23 1 
26 22 2 
26 27 1 
26 33 4 
27 26 1 
27 28 1 
28 27 1 
28 29 1 
29 28 1 
29 30 1 
30 29 1 
30 31 1 
31 30 1 
31 36 5 
32 33 2 
32 34 2 
33 22 4 
33 26 4 
33 32 2 
33 34 2 
33 35 3 
33 36 2 
34 32 2 
34 33 2 
34 35 3 
35 33 3 
35 34 3 
35 36 3 
36 31 5 
36 33 2 
36 35 3 
0 0 0 